Rank Tbl TOP 20:
+-------+------------------+
|     id|              rank|
+-------+------------------+
|5302153|12304.201718385651|
|  84707|  8261.34040700165|
|  88822|  7876.42689511226|
|5300058| 6256.317339543921|
|5535664| 5253.583946213398|
|  81615| 5233.223929498577|
|1921890|   5195.2849063141|
|5535280| 5052.689304852274|
|1804986| 4471.346306095903|
|1603276|3680.6729645591004|
|1948883|3670.6906604868295|
| 896161| 3662.006890468815|
|  79583|3614.8936870330267|
|1601519|3403.9325308464154|
|5596267|3380.8772006498493|
|2876077|3111.5482765903444|
|1650573|3067.8014606366105|
| 505135| 3060.187232374778|
|3988566|3045.3588565566583|
|2370447|2759.2899363689035|
+-------+------------------+

+-------+--------------------+------------------+
|     id|               title|              rank|
+-------+--------------------+------------------+
|5302153|       United_States|12304.201718385651|
|  84707|                2007|  8261.34040700165|
|  88822|                2008|  7876.42689511226|
|5300058|      United_Kingdom| 6256.317339543921|
|5535664|          Wiktionary| 5253.583946213398|
|  81615|                2006| 5233.223929498577|
|1921890|Geographic_coordi...|   5195.2849063141|
|5535280|   Wikimedia_Commons| 5052.689304852274|
|1804986|              France| 4471.346306095903|
|1603276|    English_language|3680.6729645591004|
+-------+--------------------+------------------+
