Rank Tbl TOP 20:
+-------+------------------+
|     id|              rank|
+-------+------------------+
|5302153|  8664.77676075859|
|  84707| 5450.411825261727|
|  88822|5313.6860942903995|
|1921890| 4907.785356825385|
|5300058| 4049.347104829502|
|  81615|3324.4323717723623|
|1804986|2945.0604255376265|
|5535280|2764.2426668694393|
| 896161| 2598.294771743152|
| 687324|2521.2088489541297|
|5535664|   2495.1651797884|
|1601519|2473.5677633557743|
|  79583|2374.9299658985933|
|1948883|2259.9408305211014|
| 505135| 2121.540280071827|
|1603276| 2010.445329693136|
|5596267| 1981.530483140693|
|2497500|1873.2678900655858|
|1650573|  1780.91923550656|
|2370447|1772.9949028343544|
+-------+------------------+

+-------+--------------------+------------------+
|     id|               title|              rank|
+-------+--------------------+------------------+
|5302153|       United_States|  8664.77676075859|
|  84707|                2007| 5450.411825261727|
|  88822|                2008|5313.6860942903995|
|1921890|Geographic_coordi...| 4907.785356825385|
|5300058|      United_Kingdom| 4049.347104829502|
|  81615|                2006|3324.4323717723623|
|1804986|              France|2945.0604255376265|
|5535280|   Wikimedia_Commons|2764.2426668694393|
| 896161|              Canada| 2598.294771743152|
| 687324|           Biography|2521.2088489541297|
+-------+--------------------+------------------+
